ic BASKETBALL [9, 6, 3, 1, 5, 4, 6] [9, 6, 3, 1, 5, 4, 6] [0, 8, 7, 3, 1, 5, 4, 6]
feec BASKETBALL [0, 8, 7, 3, 1, 5, 4, 6] [0, 8, 7, 3, 1, 5, 4, 6] [3, 4, 8,]
imecc BASKETBALL [6, 1, 8] [0, 1, 2, 3, 4, 5, 6, 7, 8, 9] [3, 4, 8]
ifgw BASKETBALL [3, 4, 8] [4, 2, 6, 0, 8, 5, 9] [0, 1, 2, 3, 5, 6, 7, 9]
ic SOCCER [0, 1, 2, 3, 4, 5, 6, 7, 8, 9] [3, 4, 8,] [4, 2, 6, 0, 8, 5, 9]
imecc SOCCER [0, 1, 2, 3, 4, 5, 6, 7, 8] [3, 4, 8,] [0, 1, 2, 3, 5, 6, 7, 9]
ifgw SOCCER [9, 3, 5] [8, 1, 2, 7, 3, 6, 9] [3, 4, 8]
feec SOCCER [4, 0, 5] [8, 1, 2, 7, 3, 6, 9] [0, 1, 2, 3, 5, 6, 7, 9]
ic VOLLEY [0, 1, 2, 4, 5, 6, 7, 9] [8, 1, 2, 7, 3, 6, 9] [0, 1, 2, 4, 5, 6, 7, 9]
feec VOLLEY [8, 3, 1, 0] [0, 1, 2, 4, 5, 6, 7, 9] [0, 1, 2, 4, 5, 6, 7, 9]
ifgw VOLLEY [0, 1, 2, 3, 5, 6, 7, 9] [0, 1, 2, 4, 5, 6, 7, 9] [0, 1, 2, 4, 5, 6, 7, 9]
imecc VOLLEY [3, 4, 5, 6, 7, 8] [0, 1, 2, 4, 5, 6, 7, 9] [0, 1, 2, 4, 5, 6, 7, 9]
feec HANDBALL [5, 7, 4, 3] [0, 1, 2, 4, 5, 6, 7, 9] [0, 1, 2, 4, 5, 6, 7, 9]
imecc HANDBALL [7, 1, 2, 6] [3, 4, 8,] [0, 1, 2, 4, 5, 6, 7, 9]
ic HANDBALL [4, 6, 2] [0, 1, 2, 4, 5, 6, 7, 9] [8, 1, 2, 7, 3, 6, 9]
ifgw HANDBALL [0, 1, 2, 3, 4, 5, 6, 7] [8, 1, 2, 7, 3, 6, 9] [0, 1, 2, 4, 5, 6, 7, 9]
imecc BADMINTON [6, 2, 8, 7, 9, 4, 0, 3, 1] [8, 1, 2, 7, 3, 6, 9] [9, 3, 5]
feec BADMINTON [8, 1, 2, 7, 3, 6, 9] [4, 2, 6, 0, 8, 5, 9] [8, 1, 2, 7, 3, 6, 9]
ifgw BADMINTON [0, 1, 3, 4, 5, 8, 9] [4, 2, 6, 0, 8, 5, 9] [9, 3, 5]
ic BADMINTON [4, 2, 6, 0, 8, 5, 9] [8, 1, 2, 7, 3, 6, 9] [9, 3, 5]
